%% Day test images
>> manualConfusionMatrices
sumConfusionMatrix =
    1.0000         0         0         0         0         0         0         0
         0    1.0000         0         0         0         0         0         0
         0         0    1.0000         0         0         0         0         0
         0         0         0    1.0000         0         0         0         0
         0         0         0         0    1.0000         0         0         0
         0         0         0         0    0.2500    0.7500         0         0
         0         0         0         0         0         0    1.0000         0
         0         0         0         0         0         0         0    1.0000
sumPercent =
    0.9688
maxConfusionMatrix =
    1.0000         0         0         0         0         0         0         0
    0.2500    0.5000         0         0         0    0.2500         0         0
         0         0    1.0000         0         0         0         0         0
         0         0         0    1.0000         0         0         0         0
         0         0         0         0    1.0000         0         0         0
         0         0    0.2500         0    0.2500    0.5000         0         0
         0         0         0         0         0         0    1.0000         0
         0         0         0         0         0         0         0    1.0000
maxPercent =
    0.8750
>> 

%% Night test images
manualConfusionMatrices
sumConfusionMatrix =
    1.0000         0         0         0         0         0         0         0
         0         0         0    0.2500         0         0    0.7500         0
         0         0    1.0000         0         0         0         0         0
    0.2500         0         0    0.7500         0         0         0         0
         0         0         0         0    1.0000         0         0         0
         0         0         0         0         0    1.0000         0         0
         0         0         0         0         0         0    1.0000         0
         0         0         0         0         0         0         0    1.0000
sumPercent =
    0.8438
maxConfusionMatrix =
    1.0000         0         0         0         0         0         0         0
         0         0    0.7500         0         0         0    0.2500         0
         0         0    1.0000         0         0         0         0         0
    0.2500         0         0    0.7500         0         0         0         0
         0         0    0.5000         0    0.5000         0         0         0
         0         0         0         0         0    1.0000         0         0
         0         0         0         0         0         0    1.0000         0
         0         0         0         0         0         0    0.5000    0.5000
maxPercent =
    0.7188
